1 0 0 0 0 0 0 0 0 0 0 
0.1 0.8 0.1 0 0 0 0 0 0 0 0 
0 0.1 0.8 0.1 0 0 0 0 0 0 0 
0 0 0.1 0.8 0.1 0 0 0 0 0 0 
0 0 0 0.1 0.8 0.1 0 0 0 0 0 
0 0 0 0 0.1 0.8 0.1 0 0 0 0 
0 0 0 0 0 0.1 0.8 0.1 0 0 0 
0 0 0 0 0 0 0.1 0.8 0.1 0 0 
0 0 0 0 0 0 0 0.1 0.8 0.1 0 
0 0 0 0 0 0 0 0 0.1 0.8 0.1 
0 0 0 0 0 0 0 0 0 0 1 
0
0.1
0.2
0.3
0.4
0.5
0.6
0.7
0.8
0.9
1
0 0.09 0.16 0.21 0.24 0.25 0.24 0.21 0.16 0.09 0 
0 0.088 0.158 0.208 0.238 0.248 0.238 0.208 0.158 0.088 0 
0 0.0862 0.156 0.206 0.236 0.246 0.236 0.206 0.156 0.0862 0 
0 4.17773e-06 7.94651e-06 1.09374e-05 1.28577e-05 1.35194e-05 1.28577e-05 1.09374e-05 7.94651e-06 4.17773e-06 0 
